~VERSION INFORMATION
 VERS.                 2.0:   CWLS LOG ASCII STANDARD - VERSION 2.0
 WRAP.                  NO:   ONE LINE PER DEPTH STEP
~WELL INFORMATION BLOCK
#MNEM.UNIT           DATA                    DESCRIPTION OF MNEMONIC
#---------         -----------              ------------------------
WELL.                SAMPLE-01:   Well name
UWI .                10000000000000:   Unique Well ID
FIELD.               VHYDRO FIELD:   Field Name
LATI.DEG             N37.4514:   Latitude
LONG.DEG            W105.6323:   Longitude
STAR.M               1000.0000:   Permanent Datum
STOP.M               2400.0000:   Bottom Log Interval
STEP.M                  0.5000:   Step Length
NULL.               -999.25:   Null Value
COMP.                VHYDRO INC.:   Company
WELL-I.              SAMPLE-01:   Well Name
LOCA.                VHYDRO FIELD:   Location
SRVC.                VHYDRO LOGGING:   Service Company
DATE.                27-FEB-2025:   Log Date
STRT.M               1000.0000:   Starting Depth
STOP.M               2400.0000:   Stopping Depth
~CURVE INFORMATION
#MNEM.UNIT           API CODE              CURVE DESCRIPTION
#---------         -----------              ------------------------
DEPTH.M                                    : Depth
GR  .GAPI           0 310 01 00            : Gamma Ray
RHOB.G/C3           0 330 01 00            : Bulk Density
ILD .OHMM           0 120 46 00            : Deep Resistivity
NPHI.V/V                                   : Neutron Porosity
~PARAMETER INFORMATION
#MNEM.UNIT          VALUE                  DESCRIPTION OF MNEMONIC
#---------         -----------              ------------------------
~OTHER INFORMATION
#MNEM.UNIT          VALUE                  DESCRIPTION OF MNEMONIC
#---------         -----------              ------------------------
~A  DEPTH       GR      RHOB     ILD      NPHI
1000.0000    75.0000    2.6500   10.0000    0.1200
1000.5000    75.5000    2.6450   10.0000    0.1220
1001.0000    76.0000    2.6400   10.0000    0.1240
1001.5000    76.5000    2.6350   10.0000    0.1260
1002.0000    77.0000    2.6300   10.0000    0.1280
1002.5000    77.5000    2.6250   10.0000    0.1300
1003.0000    78.0000    2.6200   10.0000    0.1320
1003.5000    78.5000    2.6150   10.0000    0.1340
1004.0000    79.0000    2.6100   10.0000    0.1360
1004.5000    79.5000    2.6050   10.0000    0.1380
1005.0000    80.0000    2.6000   10.0000    0.1400
1005.5000    80.5000    2.5950   10.0000    0.1420
1006.0000    81.0000    2.5900   10.0000    0.1440
1006.5000    81.5000    2.5850   10.0000    0.1460
1007.0000    82.0000    2.5800   10.0000    0.1480
1007.5000    82.5000    2.5750   10.0000    0.1500
1008.0000    83.0000    2.5700   10.0000    0.1520
1008.5000    83.5000    2.5650   10.0000    0.1540
1009.0000    84.0000    2.5600   10.0000    0.1560
1009.5000    84.5000    2.5550   10.0000    0.1580
1010.0000    85.0000    2.5500   10.0000    0.1600
1010.5000    84.5000    2.5450   10.5000    0.1610
1011.0000    84.0000    2.5400   11.0000    0.1620
1011.5000    83.5000    2.5350   11.5000    0.1630
1012.0000    83.0000    2.5300   12.0000    0.1640
1012.5000    82.5000    2.5250   12.5000    0.1650
1013.0000    82.0000    2.5200   13.0000    0.1660
1013.5000    81.5000    2.5150   13.5000    0.1670
1014.0000    81.0000    2.5100   14.0000    0.1680
1014.5000    80.5000    2.5050   14.5000    0.1690
1015.0000    80.0000    2.5000   15.0000    0.1700
1015.5000    79.5000    2.4950   15.5000    0.1710
1016.0000    79.0000    2.4900   16.0000    0.1720
1016.5000    78.5000    2.4850   16.5000    0.1730
1017.0000    78.0000    2.4800   17.0000    0.1740
1017.5000    77.5000    2.4750   17.5000    0.1750
1018.0000    77.0000    2.4700   18.0000    0.1760
1018.5000    76.5000    2.4650   18.5000    0.1770
1019.0000    76.0000    2.4600   19.0000    0.1780
1019.5000    75.5000    2.4550   19.5000    0.1790
1020.0000    75.0000    2.4500   20.0000    0.1800
1020.5000    74.5000    2.4500   20.5000    0.1810
1021.0000    74.0000    2.4500   21.0000    0.1820
1021.5000    73.5000    2.4500   21.5000    0.1830
1022.0000    73.0000    2.4500   22.0000    0.1840
1022.5000    72.5000    2.4500   22.5000    0.1850
1023.0000    72.0000    2.4500   23.0000    0.1860
1023.5000    71.5000    2.4500   23.5000    0.1870
1024.0000    71.0000    2.4500   24.0000    0.1880
1024.5000    70.5000    2.4500   24.5000    0.1890
1025.0000    70.0000    2.4500   25.0000    0.1900
1025.5000    69.5000    2.4450   25.5000    0.1910
1026.0000    69.0000    2.4400   26.0000    0.1920
1026.5000    68.5000    2.4350   26.5000    0.1930
1027.0000    68.0000    2.4300   27.0000    0.1940
1027.5000    67.5000    2.4250   27.5000    0.1950
1028.0000    67.0000    2.4200   28.0000    0.1960
1028.5000    66.5000    2.4150   28.5000    0.1970
1029.0000    66.0000    2.4100   29.0000    0.1980
1029.5000    65.5000    2.4050   29.5000    0.1990
1030.0000    65.0000    2.4000   30.0000    0.2000
1030.5000    64.0000    2.3950   30.0000    0.2000
1031.0000    63.0000    2.3900   30.0000    0.2000
1031.5000    62.0000    2.3850   30.0000    0.2000
1032.0000    61.0000    2.3800   30.0000    0.2000
1032.5000    60.0000    2.3750   30.0000    0.2000
1033.0000    59.0000    2.3700   30.0000    0.2000
1033.5000    58.0000    2.3650   30.0000    0.2000
1034.0000    57.0000    2.3600   30.0000    0.2000
1034.5000    56.0000    2.3550   30.0000    0.2000
1035.0000    55.0000    2.3500   30.0000    0.2000
1035.5000    54.5000    2.3450   30.5000    0.2000
1036.0000    54.0000    2.3400   31.0000    0.2000
1036.5000    53.5000    2.3350   31.5000    0.2000
1037.0000    53.0000    2.3300   32.0000    0.2000
1037.5000    52.5000    2.3250   32.5000    0.2000
1038.0000    52.0000    2.3200   33.0000    0.2000
1038.5000    51.5000    2.3150   33.5000    0.2000
1039.0000    51.0000    2.3100   34.0000    0.2000
1039.5000    50.5000    2.3050   34.5000    0.2000
1040.0000    50.0000    2.3000   35.0000    0.2000
1040.5000    50.0000    2.3000   35.5000    0.2050
1041.0000    50.0000    2.3000   36.0000    0.2100
1041.5000    50.0000    2.3000   36.5000    0.2150
1042.0000    50.0000    2.3000   37.0000    0.2200
1042.5000    50.0000    2.3000   37.5000    0.2250
1043.0000    50.0000    2.3000   38.0000    0.2300
1043.5000    50.0000    2.3000   38.5000    0.2350
1044.0000    50.0000    2.3000   39.0000    0.2400
1044.5000    50.0000    2.3000   39.5000    0.2450
1045.0000    50.0000    2.3000   40.0000    0.2500
1045.5000    50.0000    2.2950   40.5000    0.2550
1046.0000    50.0000    2.2900   41.0000    0.2600
1046.5000    50.0000    2.2850   41.5000    0.2650
1047.0000    50.0000    2.2800   42.0000    0.2700
1047.5000    50.0000    2.2750   42.5000    0.2750
1048.0000    50.0000    2.2700   43.0000    0.2800
1048.5000    50.0000    2.2650   43.5000    0.2850
1049.0000    50.0000    2.2600   44.0000    0.2900
1049.5000    50.0000    2.2550   44.5000    0.2950
1050.0000    50.0000    2.2500   45.0000    0.3000
1050.5000    51.0000    2.2500   45.0000    0.2950
1051.0000    52.0000    2.2500   45.0000    0.2900
1051.5000    53.0000    2.2500   45.0000    0.2850
1052.0000    54.0000    2.2500   45.0000    0.2800
1052.5000    55.0000    2.2500   45.0000    0.2750
1053.0000    56.0000    2.2500   45.0000    0.2700
1053.5000    57.0000    2.2500   45.0000    0.2650
1054.0000    58.0000    2.2500   45.0000    0.2600
1054.5000    59.0000    2.2500   45.0000    0.2550
1055.0000    60.0000    2.2500   45.0000    0.2500
1055.5000    60.5000    2.2550   44.5000    0.2450
1056.0000    61.0000    2.2600   44.0000    0.2400
1056.5000    61.5000    2.2650   43.5000    0.2350
1057.0000    62.0000    2.2700   43.0000    0.2300
1057.5000    62.5000    2.2750   42.5000    0.2250
1058.0000    63.0000    2.2800   42.0000    0.2200
1058.5000    63.5000    2.2850   41.5000    0.2150
1059.0000    64.0000    2.2900   41.0000    0.2100
1059.5000    64.5000    2.2950   40.5000    0.2050
1060.0000    65.0000    2.3000   40.0000    0.2000
1060.5000    66.0000    2.3100   39.0000    0.1950
1061.0000    67.0000    2.3200   38.0000    0.1900
1061.5000    68.0000    2.3300   37.0000    0.1850
1062.0000    69.0000    2.3400   36.0000    0.1800
1062.5000    70.0000    2.3500   35.0000    0.1750
1063.0000    71.0000    2.3600   34.0000    0.1700
1063.5000    72.0000    2.3700   33.0000    0.1650
1064.0000    73.0000    2.3800   32.0000    0.1600
1064.5000    74.0000    2.3900   31.0000    0.1550
1065.0000    75.0000    2.4000   30.0000    0.1500
1065.5000    76.0000    2.4050   30.0000    0.1480
1066.0000    77.0000    2.4100   30.0000    0.1460
1066.5000    78.0000    2.4150   30.0000    0.1440
1067.0000    79.0000    2.4200   30.0000    0.1420
1067.5000    80.0000    2.4250   30.0000    0.1400
1068.0000    81.0000    2.4300   30.0000    0.1380
1068.5000    82.0000    2.4350   30.0000    0.1360
1069.0000    83.0000    2.4400   30.0000    0.1340
1069.5000    84.0000    2.4450   30.0000    0.1320
1070.0000    85.0000    2.4500   30.0000    0.1300
1070.5000    85.5000    2.4550   29.5000    0.1280
1071.0000    86.0000    2.4600   29.0000    0.1260
1071.5000    86.5000    2.4650   28.5000    0.1240
1072.0000    87.0000    2.4700   28.0000    0.1220
1072.5000    87.5000    2.4750   27.5000    0.1200
1073.0000    88.0000    2.4800   27.0000    0.1180
1073.5000    88.5000    2.4850   26.5000    0.1160
1074.0000    89.0000    2.4900   26.0000    0.1140
1074.5000    89.5000    2.4950   25.5000    0.1120
1075.0000    90.0000    2.5000   25.0000    0.1100
1075.5000    90.0000    2.4950   24.8000    0.1090
1076.0000    90.0000    2.4900   24.6000    0.1080
1076.5000    90.0000    2.4850   24.4000    0.1070
1077.0000    90.0000    2.4800   24.2000    0.1060
1077.5000    90.0000    2.4750   24.0000    0.1050
1078.0000    90.0000    2.4700   23.8000    0.1040
1078.5000    90.0000    2.4650   23.6000    0.1030
1079.0000    90.0000    2.4600   23.4000    0.1020
1079.5000    90.0000    2.4550   23.2000    0.1010
1080.0000    90.0000    2.4500   23.0000    0.1000
1080.5000    89.0000    2.4450   23.2000    0.1020
1081.0000    88.0000    2.4400   23.4000    0.1040
1081.5000    87.0000    2.4350   23.6000    0.1060
1082.0000    86.0000    2.4300   23.8000    0.1080
1082.5000    85.0000    2.4250   24.0000    0.1100
1083.0000    84.0000    2.4200   24.2000    0.1120
1083.5000    83.0000    2.4150   24.4000    0.1140
1084.0000    82.0000    2.4100   24.6000    0.1160
1084.5000    81.0000    2.4050   24.8000    0.1180
1085.0000    80.0000    2.4000   25.0000    0.1200
1085.5000    79.0000    2.3950   25.5000    0.1220
1086.0000    78.0000    2.3900   26.0000    0.1240
1086.5000    77.0000    2.3850   26.5000    0.1260
1087.0000    76.0000    2.3800   27.0000    0.1280
1087.5000    75.0000    2.3750   27.5000    0.1300
1088.0000    74.0000    2.3700   28.0000    0.1320
1088.5000    73.0000    2.3650   28.5000    0.1340
1089.0000    72.0000    2.3600   29.0000    0.1360
1089.5000    71.0000    2.3550   29.5000    0.1380
1090.0000    70.0000    2.3500   30.0000    0.1400
1090.5000    69.0000    2.3450   30.5000    0.1450
1091.0000    68.0000    2.3400   31.0000    0.1500
1091.5000    67.0000    2.3350   31.5000    0.1550
1092.0000    66.0000    2.3300   32.0000    0.1600
1092.5000    65.0000    2.3250   32.5000    0.1650
1093.0000    64.0000    2.3200   33.0000    0.1700
1093.5000    63.0000    2.3150   33.5000    0.1750
1094.0000    62.0000    2.3100   34.0000    0.1800
1094.5000    61.0000    2.3050   34.5000    0.1850
1095.0000    60.0000    2.3000   35.0000    0.1900
1095.5000    59.5000    2.2950   35.5000    0.1950
1096.0000    59.0000    2.2900   36.0000    0.2000
1096.5000    58.5000    2.2850   36.5000    0.2050
1097.0000    58.0000    2.2800   37.0000    0.2100
1097.5000    57.5000    2.2750   37.5000    0.2150
1098.0000    57.0000    2.2700   38.0000    0.2200
1098.5000    56.5000    2.2650   38.5000    0.2250
1099.0000    56.0000    2.2600   39.0000    0.2300
1099.5000    55.5000    2.2550   39.5000    0.2350
1100.0000    55.0000    2.2500   40.0000    0.2400